0.5;0.4;0.3;0.2;0.1,0.2354,0.146,0.0922,0.0584,0.0308
0.5;0.4;0.3;0.2;0.1,0.1272,0.149,0.1114,0.0743,0.0358
0.5;0.4;0.3;0.2;0.1,3.2,4.7,6.2,7.8,13.4
0.5;0.4;0.2;0.1,0.2345,0.1448,0.0706,0.0378
0.5;0.4;0.2;0.1,0.1497,0.1183,0.0588,0.1167
0.5;0.4;0.2;0.1,3.8,4.6,6.1,7.8
0.5;0.4;0.15,0.2356,0.1444,0.0576
0.5;0.4;0.15,0.1605,0.1012,0.1493
0.5;0.4;0.15,3.8,4.4,6.4
0.6;0.4;0.3;0.2;0.1,0.2649,0.1393,0.0885,0.0554,0.0308
0.6;0.4;0.3;0.2;0.1,0.1458,0.1463,0.1109,0.0748,0.0362
0.6;0.4;0.3;0.2;0.1,3.3,4.8,7.5,6.5,10.8
0.6;0.4;0.2;0.1,0.2687,0.1372,0.0667,0.0358
0.6;0.4;0.2;0.1,0.1672,0.1182,0.0581,0.1154
0.6;0.4;0.2;0.1,3.3,4.7,7.6,8.2
0.7;0.4;0.3;0.2;0.1,0.294,0.1338,0.084,0.0529,0.0284
0.7;0.4;0.3;0.2;0.1,0.1628,0.1465,0.1084,0.0742,0.0368
0.7;0.4;0.3;0.2;0.1,2.8,5.3,7.4,8.2,15.3
0.7;0.4;0.2;0.1,0.2947,0.1305,0.0645,0.0342
0.7;0.4;0.2;0.1,0.1878,0.1168,0.0568,0.117
0.7;0.4;0.2;0.1,3.2,5.1,5.6,7.7
0.8;0.4;0.3;0.2;0.1,0.3222,0.1235,0.0812,0.0508,0.0277
0.8;0.4;0.3;0.2;0.1,0.1681,0.1468,0.1113,0.0745,0.0366
0.8;0.4;0.3;0.2;0.1,3.1,4.7,8.5,9.0,12.5
