0.5;0.4;0.3;0.2,0.2348,0.1446,0.0947,0.0582
0.5;0.4;0.3;0.2,0.1369,0.1387,0.1037,0.1035
0.5;0.4;0.3;0.2,3.8,3.2,7.1,7.2
0.5;0.4;0.3;0.1,0.2374,0.1455,0.0921,0.0358
0.5;0.4;0.3;0.1,0.1389,0.127,0.0934,0.0955
0.5;0.4;0.3;0.1,3.4,5.3,3.2,12.9
0.6;0.4;0.3;0.2,0.2664,0.14,0.0898,0.056
0.6;0.4;0.3;0.2,0.1502,0.1372,0.1045,0.1024
0.6;0.4;0.3;0.2,2.8,4.5,6.1,8.6
0.6;0.4;0.3;0.1,0.2661,0.1372,0.088,0.0335
0.6;0.4;0.3;0.1,0.1625,0.1295,0.0965,0.0961
0.6;0.4;0.3;0.1,3.4,5.2,5.7,10.0
0.6;0.5;0.4,0.2665,0.1615,0.1015
0.6;0.5;0.4,0.1492,0.1711,0.1723
0.6;0.5;0.4,2.9,4.8,7.3
0.7;0.4;0.3;0.2,0.2932,0.1313,0.0846,0.0536
0.7;0.4;0.3;0.2,0.1678,0.1391,0.1046,0.1023
0.7;0.4;0.3;0.2,2.9,4.9,6.4,9.8
0.7;0.4;0.3;0.1,0.2952,0.1326,0.085,0.0337
0.7;0.4;0.3;0.1,0.1697,0.1269,0.0961,0.0947
0.7;0.4;0.3;0.1,2.8,5.3,4.7,10.0
0.7;0.5;0.4,0.297,0.1495,0.0955
0.7;0.5;0.4,0.1645,0.1717,0.1734
0.7;0.5;0.4,3.2,5.3,5.9
0.8;0.4;0.3;0.2,0.3228,0.1239,0.0799,0.0512
0.8;0.4;0.3;0.2,0.1773,0.1398,0.1051,0.1033
0.8;0.4;0.3;0.2,3.0,5.4,8.5,5.3
0.8;0.5;0.4,0.3225,0.142,0.0931
0.8;0.5;0.4,0.1776,0.1724,0.1737
0.8;0.5;0.4,3.1,5.2,6.5
